L8 : 
QF:50
PSNR1:32.6385809672
SSIM1:0.913733471919
PSNR2:33.7329084225
SSIM2:0.925139271108
L8 : 
QF:70
PSNR1:34.5537835702
SSIM1:0.94054556433
PSNR2:35.5884082563
SSIM2:0.948888804963
L8 : 
QF:90
PSNR1:39.654801468
SSIM1:0.977315608771
PSNR2:40.0662462652
SSIM2:0.979636413671
L8 : 
QF:20
PSNR1:29.7248063312
SSIM1:0.842894278008
PSNR2:30.717990185
SSIM2:0.85969212974
