L4 : 
QF:50
PSNR1:32.6385809672
SSIM1:0.913733471919
PSNR2:33.7496177358
SSIM2:0.925219099032
L4 : 
QF:70
PSNR1:34.5537835702
SSIM1:0.94054556433
PSNR2:35.5995246772
SSIM2:0.949010073027
L4 : 
QF:90
PSNR1:39.654801468
SSIM1:0.977315608771
PSNR2:40.0608966802
SSIM2:0.97960745143
